32 32
-16933 20707 10915 -12241 19177 -511 5305 3265 1225 8365 7549 4387 -16933 20707 10915 -12241 19177 -511 5305 3265 1225 8365 7549 4387 -16933 20707 10915 -12241 19177 -511 5305 3265 
1225 8365 7549 4387 -16933 20707 10915 -12241 19177 -511 5305 3265 1225 8365 7549 4387 -16933 20707 10915 -12241 19177 -511 5305 3265 1225 8365 7549 4387 -16933 20707 10915 -12241 
19177 -511 5305 3265 1225 8365 7549 4387 -16933 20707 10915 -12241 19177 -511 5305 3265 1225 8365 7549 4387 -16933 20707 10915 -12241 19177 -511 5305 3265 1225 8365 7549 4387 
-16933 20707 10915 -12241 19177 -511 5305 3265 1225 8365 7549 4387 -16933 20707 10915 -12241 19177 -511 5305 3265 1225 8365 7549 4387 -16933 20707 10915 -12241 19177 -511 5305 3265 
1225 8365 7549 4387 -16933 20707 10915 -12241 19177 -511 5305 3265 1225 8365 7549 4387 -16933 20707 10915 -12241 19177 -511 5305 3265 1225 8365 7549 4387 -16933 20707 10915 -12241 
19177 -511 5305 3265 1225 8365 7549 4387 -16933 20707 10915 -12241 19177 -511 5305 3265 1225 8365 7549 4387 -16933 20707 10915 -12241 19177 -511 5305 3265 1225 8365 7549 4387 
-16933 20707 10915 -12241 19177 -511 5305 3265 1225 8365 7549 4387 -16933 20707 10915 -12241 19177 -511 5305 3265 1225 8365 7549 4387 -16933 20707 10915 -12241 19177 -511 5305 3265 
1225 8365 7549 4387 -16933 20707 10915 -12241 19177 -511 5305 3265 1225 8365 7549 4387 -16933 20707 10915 -12241 19177 -511 5305 3265 1225 8365 7549 4387 -16933 20707 10915 -12241 
19177 -511 5305 3265 1225 8365 7549 4387 -16933 20707 10915 -12241 19177 -511 5305 3265 1225 8365 7549 4387 -16933 20707 10915 -12241 19177 -511 5305 3265 1225 8365 7549 4387 
-16933 20707 10915 -12241 19177 -511 5305 3265 1225 8365 7549 4387 -16933 20707 10915 -12241 19177 -511 5305 3265 1225 8365 7549 4387 -16933 20707 10915 -12241 19177 -511 5305 3265 
1225 8365 7549 4387 -16933 20707 10915 -12241 19177 -511 5305 3265 1225 8365 7549 4387 -16933 20707 10915 -12241 19177 -511 5305 3265 1225 8365 7549 4387 -16933 20707 10915 -12241 
19177 -511 5305 3265 1225 8365 7549 4387 -16933 20707 10915 -12241 19177 -511 5305 3265 1225 8365 7549 4387 -16933 20707 10915 -12241 19177 -511 5305 3265 1225 8365 7549 4387 
-16933 20707 10915 -12241 19177 -511 5305 3265 1225 8365 7549 4387 -16933 20707 10915 -12241 19177 -511 5305 3265 1225 8365 7549 4387 -16933 20707 10915 -12241 19177 -511 5305 3265 
1225 8365 7549 4387 -16933 20707 10915 -12241 19177 -511 5305 3265 1225 8365 7549 4387 -16933 20707 10915 -12241 19177 -511 5305 3265 1225 8365 7549 4387 -16933 20707 10915 -12241 
19177 -511 5305 3265 1225 8365 7549 4387 -16933 20707 10915 -12241 19177 -511 5305 3265 1225 8365 7549 4387 -16933 20707 10915 -12241 19177 -511 5305 3265 1225 8365 7549 4387 
-16933 20707 10915 -12241 19177 -511 5305 3265 1225 8365 7549 4387 -16933 20707 10915 -12241 19177 -511 5305 3265 1225 8365 7549 4387 -16933 20707 10915 -12241 19177 -511 5305 3265 
1225 8365 7549 4387 -16933 20707 10915 -12241 19177 -511 5305 3265 1225 8365 7549 4387 -16933 20707 10915 -12241 19177 -511 5305 3265 1225 8365 7549 4387 -16933 20707 10915 -12241 
19177 -511 5305 3265 1225 8365 7549 4387 -16933 20707 10915 -12241 19177 -511 5305 3265 1225 8365 7549 4387 -16933 20707 10915 -12241 19177 -511 5305 3265 1225 8365 7549 4387 
-16933 20707 10915 -12241 19177 -511 5305 3265 1225 8365 7549 4387 -16933 20707 10915 -12241 19177 -511 5305 3265 1225 8365 7549 4387 -16933 20707 10915 -12241 19177 -511 5305 3265 
1225 8365 7549 4387 -16933 20707 10915 -12241 19177 -511 5305 3265 1225 8365 7549 4387 -16933 20707 10915 -12241 19177 -511 5305 3265 1225 8365 7549 4387 -16933 20707 10915 -12241 
19177 -511 5305 3265 1225 8365 7549 4387 -16933 20707 10915 -12241 19177 -511 5305 3265 1225 8365 7549 4387 -16933 20707 10915 -12241 19177 -511 5305 3265 1225 8365 7549 4387 
-16933 20707 10915 -12241 19177 -511 5305 3265 1225 8365 7549 4387 -16933 20707 10915 -12241 19177 -511 5305 3265 1225 8365 7549 4387 -16933 20707 10915 -12241 19177 -511 5305 3265 
1225 8365 7549 4387 -16933 20707 10915 -12241 19177 -511 5305 3265 1225 8365 7549 4387 -16933 20707 10915 -12241 19177 -511 5305 3265 1225 8365 7549 4387 -16933 20707 10915 -12241 
19177 -511 5305 3265 1225 8365 7549 4387 -16933 20707 10915 -12241 19177 -511 5305 3265 1225 8365 7549 4387 -16933 20707 10915 -12241 19177 -511 5305 3265 1225 8365 7549 4387 
-16933 20707 10915 -12241 19177 -511 5305 3265 1225 8365 7549 4387 -16933 20707 10915 -12241 19177 -511 5305 3265 1225 8365 7549 4387 -16933 20707 10915 -12241 19177 -511 5305 3265 
1225 8365 7549 4387 -16933 20707 10915 -12241 19177 -511 5305 3265 1225 8365 7549 4387 -16933 20707 10915 -12241 19177 -511 5305 3265 1225 8365 7549 4387 -16933 20707 10915 -12241 
19177 -511 5305 3265 1225 8365 7549 4387 -16933 20707 10915 -12241 19177 -511 5305 3265 1225 8365 7549 4387 -16933 20707 10915 -12241 19177 -511 5305 3265 1225 8365 7549 4387 
-16933 20707 10915 -12241 19177 -511 5305 3265 1225 8365 7549 4387 -16933 20707 10915 -12241 19177 -511 5305 3265 1225 8365 7549 4387 -16933 20707 10915 -12241 19177 -511 5305 3265 
1225 8365 7549 4387 -16933 20707 10915 -12241 19177 -511 5305 3265 1225 8365 7549 4387 -16933 20707 10915 -12241 19177 -511 5305 3265 1225 8365 7549 4387 -16933 20707 10915 -12241 
19177 -511 5305 3265 1225 8365 7549 4387 -16933 20707 10915 -12241 19177 -511 5305 3265 1225 8365 7549 4387 -16933 20707 10915 -12241 19177 -511 5305 3265 1225 8365 7549 4387 
-16933 20707 10915 -12241 19177 -511 5305 3265 1225 8365 7549 4387 -16933 20707 10915 -12241 19177 -511 5305 3265 1225 8365 7549 4387 -16933 20707 10915 -12241 19177 -511 5305 3265 
1225 8365 7549 4387 -16933 20707 10915 -12241 19177 -511 5305 3265 1225 8365 7549 4387 -16933 20707 10915 -12241 19177 -511 5305 3265 1225 8365 7549 4387 -16933 20707 10915 -12241 
